#-/home/photo/data/stransky/241101BSA/241101BSA-A1A.noname-0-4.dat
#-noname
#acf0
4e-07 1.32897
8e-07 1.28975
1.2e-06 1.28257
1.6e-06 1.27878
2.4e-06 1.28104
3.2e-06 1.27471
4e-06 1.26778
4.8e-06 1.26395
5.6e-06 1.25794
6.4e-06 1.25252
7.2e-06 1.24621
8e-06 1.24273
8.8e-06 1.24091
9.6e-06 1.24030
1.0399999999999999e-05 1.23224
1.1199999999999998e-05 1.22642
1.1999999999999997e-05 1.22466
1.28e-05 1.22164
1.44e-05 1.21641
1.6e-05 1.21024
1.76e-05 1.20235
1.92e-05 1.19271
2.0799999999999997e-05 1.19170
2.2399999999999996e-05 1.18304
2.3999999999999994e-05 1.18376
2.56e-05 1.17730
2.88e-05 1.16785
3.2e-05 1.16061
3.52e-05 1.15451
3.84e-05 1.14707
4.1599999999999995e-05 1.14135
4.479999999999999e-05 1.13722
4.799999999999999e-05 1.13385
5.1199999999999984e-05 1.12970
5.7599999999999984e-05 1.12287
6.399999999999998e-05 1.11414
7.039999999999998e-05 1.11080
7.679999999999997e-05 1.10568
8.319999999999996e-05 1.10245
8.959999999999996e-05 1.10057
9.599999999999995e-05 1.09592
0.00010239999999999994 1.09320
0.00011519999999999994 1.08878
0.00012799999999999994 1.08450
0.00014079999999999995 1.08198
0.00015359999999999994 1.07962
0.00016639999999999992 1.07764
0.0001791999999999999 1.07553
0.0001919999999999999 1.07390
0.00020479999999999988 1.07116
0.00023039999999999988 1.06578
0.0002559999999999999 1.06149
0.0002815999999999999 1.05882
0.0003071999999999999 1.05613
0.00033279999999999985 1.05391
0.0003583999999999998 1.05251
0.0003839999999999998 1.05006
0.00040959999999999976 1.04731
0.00046079999999999976 1.04263
0.0005119999999999998 1.03948
0.0005631999999999998 1.03732
0.0006143999999999998 1.03445
0.0006655999999999997 1.03117
0.0007167999999999996 1.02879
0.0007679999999999996 1.02795
0.0008191999999999995 1.02585
0.0009215999999999995 1.02279
0.0010239999999999995 1.02147
0.0011263999999999996 1.01972
0.0012287999999999995 1.01774
0.0013311999999999994 1.01686
0.0014335999999999993 1.01572
0.0015359999999999992 1.01561
0.001638399999999999 1.01403
0.001843199999999999 1.01229
0.002047999999999999 1.01023
0.0022527999999999992 1.00850
0.002457599999999999 1.00750
0.002662399999999999 1.00771
0.0028671999999999986 1.00854
0.0030719999999999983 1.00990
0.003276799999999998 1.01195
0.003686399999999998 1.01580
0.004095999999999998 1.02034
0.0045055999999999985 1.02769
0.004915199999999998 1.02976
0.005324799999999998 1.02351
0.005734399999999997 1.01634
0.006143999999999997 1.01310
0.006553599999999996 1.01003
0.007372799999999996 1.00799
0.008191999999999996 1.01276
0.009011199999999997 1.02024
0.009830399999999996 1.02495
0.010649599999999995 1.01565
0.011468799999999994 1.00924
0.012287999999999993 1.00581
0.013107199999999992 1.01259
0.014745599999999992 1.01986
0.016383999999999992 1.00802
0.018022399999999994 1.01237
0.019660799999999992 1.01863
0.02129919999999999 1.00693
0.02293759999999999 1.01316
0.024575999999999987 1.01815
0.026214399999999985 1.01133
0.029491199999999985 1.01218
0.032767999999999985 1.01181
0.03604479999999999 1.00984
0.039321599999999984 1.01072
0.04259839999999998 1.01041
0.04587519999999998 1.00798
0.049151999999999973 1.00905
0.05242879999999997 1.00876
0.05898239999999997 1.00809
0.06553599999999997 1.00683
0.07208959999999998 1.00775
0.07864319999999997 1.00609
0.08519679999999996 1.00597
0.09175039999999995 1.00632
0.09830399999999995 1.00550
0.10485759999999994 1.00594
0.11796479999999994 1.00494
0.13107199999999994 1.00548
0.14417919999999995 1.00464
0.15728639999999994 1.00416
0.17039359999999992 1.00354
0.1835007999999999 1.00357
0.1966079999999999 1.00300
0.20971519999999988 1.00249
0.23592959999999988 1.00175
0.2621439999999999 1.00125
0.2883583999999999 1.00008
0.3145727999999999 0.99959
0.34078719999999985 0.99918
0.3670015999999998 0.99881
0.3932159999999998 0.99852
0.41943039999999976 0.99897
0.47185919999999976 0.99774
0.5242879999999998 0.99723
0.5767167999999998 0.99808
0.6291455999999997 0.99929
0.6815743999999997 0.99882
0.7340031999999996 0.99799
0.7864319999999996 0.99768
0.8388607999999995 0.99720
0.9437183999999995 0.99608
1.0485759999999995 0.99488
1.1534335999999996 0.99405
1.2582911999999995 0.99389
1.3631487999999994 0.99403
1.4680063999999993 0.99256
1.5728639999999992 0.99226
1.677721599999999 0.99122
1.887436799999999 0.99175
2.097151999999999 0.99306
2.3068671999999992 0.99433
2.516582399999999 0.99414
2.7262975999999988 0.99642
2.9360127999999985 0.99719
3.1457279999999983 0.99602
3.355443199999998 0.99535
3.774873599999998 0.99758
4.194303999999998 1.00124
4.6137343999999985 1.00453
5.033164799999998 1.00465
5.4525951999999975 1.00829
5.872025599999997 1.00839
6.291455999999997 1.00307
6.710886399999996 1.00496
7.549747199999996 0.99518
8.388607999999996 1.01318
9.227468799999997 1.01835
10.066329599999996 1.02085
10.905190399999995 1.01003
11.744051199999994 1.00370
12.582911999999993 1.01253
13.421772799999992 0.99600
&
#fit0
2.4e-06 1.281
3.2e-06 1.2744
4e-06 1.2684
4.8e-06 1.263
5.6e-06 1.2579
6.4e-06 1.2531
7.2e-06 1.2486
8e-06 1.2443
8.8e-06 1.2401
9.6e-06 1.2361
1.04e-05 1.2322
1.12e-05 1.2285
1.2e-05 1.2248
1.28e-05 1.2213
1.44e-05 1.2145
1.6e-05 1.2082
1.76e-05 1.2022
1.92e-05 1.1965
2.08e-05 1.1911
2.24e-05 1.186
2.4e-05 1.1812
2.56e-05 1.1767
2.88e-05 1.1683
3.2e-05 1.1607
3.52e-05 1.154
3.84e-05 1.1478
4.16e-05 1.1423
4.48e-05 1.1373
4.8e-05 1.1328
5.12e-05 1.1287
5.76e-05 1.1216
6.4e-05 1.1156
7.04e-05 1.1105
7.68e-05 1.1062
8.32e-05 1.1025
8.96e-05 1.0993
9.6e-05 1.0964
0.000102 1.0941
0.000115 1.0896
0.000128 1.0859
0.000141 1.0826
0.000154 1.0797
0.000166 1.0773
0.000179 1.0748
0.000192 1.0725
0.000205 1.0704
0.00023 1.0665
0.000256 1.0628
0.000282 1.0595
0.000307 1.0565
0.000333 1.0536
0.000358 1.051
0.000384 1.0486
0.00041 1.0463
0.000461 1.0423
0.000512 1.0388
0.000563 1.0358
0.000614 1.0333
0.000666 1.031
0.000717 1.0291
0.000768 1.0274
0.000819 1.0259
0.000922 1.0235
0.00102 1.0218
0.00113 1.0203
0.00123 1.0193
0.00133 1.0184
0.00143 1.0178
0.00154 1.0172
0.00164 1.0168
0.00184 1.0163
0.00205 1.0159
0.00225 1.0156
0.00246 1.0154
0.00266 1.0153
0.00287 1.0152
0.00307 1.0151
0.00328 1.015
0.00369 1.0149
0.0041 1.0148
0.00451 1.0147
0.00492 1.0146
0.00532 1.0145
0.00573 1.0144
0.00614 1.0143
0.00655 1.0142
0.00737 1.014
0.00819 1.0139
0.00901 1.0137
0.00983 1.0135
0.0106 1.0134
0.0115 1.0132
0.0123 1.013
0.0131 1.0129
0.0147 1.0126
0.0164 1.0123
0.018 1.012
0.0197 1.0117
0.0213 1.0115
0.0229 1.0112
0.0246 1.011
0.0262 1.0108
0.0295 1.0103
0.0328 1.0099
0.036 1.0095
0.0393 1.0092
0.0426 1.0088
0.0459 1.0085
0.0492 1.0082
0.0524 1.0079
0.059 1.0074
0.0655 1.0069
0.0721 1.0065
0.0786 1.0061
0.0852 1.0058
0.0918 1.0055
0.0983 1.0052
0.105 1.0049
0.118 1.0045
0.131 1.0041
0.144 1.0037
0.157 1.0034
0.17 1.0032
0.184 1.0029
0.197 1.0027
0.21 1.0025
0.236 1.0022
0.262 1.002
0.288 1.0018
0.315 1.0016
0.341 1.0014
0.367 1.0013
0.393 1.0012
0.419 1.0011
0.472 1.0009
0.524 1.0008
0.577 1.0006
0.629 1.0006
0.682 1.0005
0.734 1.0004
0.786 1.0004
0.839 1.0003
0.944 1.0002
1.05 1.0002
1.15 1.0001
1.26 1.0001
1.36 1.0
1.47 1.0
1.57 0.99999
1.68 0.99997
1.89 0.99994
2.1 0.99992
2.31 0.9999
2.52 0.99988
2.73 0.99987
2.94 0.99986
3.15 0.99985
3.36 0.99985
3.77 0.99983
4.19 0.99983
4.61 0.99982
5.03 0.99981
5.45 0.99981
5.87 0.99981
6.29 0.99981
6.71 0.9998
7.55 0.9998
8.39 0.9998
9.23 0.9998
10.1 0.99979
10.9 0.99979
11.7 0.99979
12.6 0.99979
13.4 0.99979
&
@with g1
#dis0
2.447e-02 0.0
1.955e-02 2.6768e-09
1.562e-02 3.1644e-08
1.248e-02 1.3313e-07
9.974e-03 3.8997e-07
7.969e-03 9.4212e-07
6.368e-03 2.0173e-06
5.088e-03 3.9745e-06
4.065e-03 7.3671e-06
3.248e-03 1.3029e-05
2.595e-03 2.22e-05
2.073e-03 3.6686e-05
1.657e-03 5.9089e-05
1.324e-03 9.3083e-05
1.058e-03 0.00014382
8.450e-04 0.00021832
6.752e-04 0.00032613
5.394e-04 0.00047979
4.310e-04 0.00069569
3.444e-04 0.00099439
2.752e-04 0.0014014
2.199e-04 0.001947
1.757e-04 0.0026658
1.404e-04 0.0035951
1.121e-04 0.0047727
8.960e-05 0.0062311
7.159e-05 0.0079913
5.720e-05 0.010053
4.570e-05 0.012381
3.652e-05 0.014892
2.918e-05 0.017435
2.331e-05 0.01979
1.863e-05 0.021646
1.488e-05 0.02264
1.189e-05 0.022373
9.501e-06 0.020533
7.591e-06 0.017004
6.065e-06 0.012066
4.846e-06 0.0066147
3.872e-06 0.002013
3.094e-06 0.0
2.472e-06 0.0
1.975e-06 0.0
1.578e-06 0.0
1.261e-06 0.0
1.007e-06 0.0
8.049e-07 0.0
6.431e-07 0.0
5.138e-07 0.0
4.106e-07 0.0
3.280e-07 0.0
2.621e-07 0.0
2.094e-07 0.0
1.673e-07 0.02512
1.337e-07 0.14139
1.068e-07 0.30728
8.535e-08 0.40995
6.819e-08 0.37332
5.449e-08 0.18954
4.353e-08 0.0
3.478e-08 0.0
2.779e-08 0.0
2.221e-08 0.0
1.774e-08 0.0
1.418e-08 0.0
1.133e-08 0.0
9.050e-09 0.42835
7.231e-09 1.0
5.777e-09 0.92799
4.616e-09 0.23607
3.688e-09 0.0
2.947e-09 0.0
2.355e-09 0.0
1.881e-09 0.0
1.503e-09 0.0
1.201e-09 0.0
9.596e-10 0.0
7.667e-10 0.0
6.126e-10 0.0
4.895e-10 0.47751
&
#factor 2.4473e-04
#temp 20.0
#wave 660.0 
#index 1.330
#angle 142.0
#visco 1.0060
#conc 1.0000
#shape 1.0000
#solvent Water
#add Glycerol
#addconc 0.00
#comment 
#time 01 11 2024 19:32:32 
#rad0
R: 489.5pm+/--0.00 a:0.02 MW:632.4 Da
#ampl 0.02
R: 6.524nm+/-19.70 a:0.18 MW:244.3kDa
#ampl 0.18
R: 81.71nm+/-26.03 a:0.11 MW:81.82MDa
#ampl 0.11
R: 14.97um+/-79.04 a:0.04 MW:13.12TDa
#ampl 0.04
#cnta0
@with g2
#cnta0
0 154.18
0.25 178.79
0.5 165.33
0.75 158.41
1.0 154.42
1.25 156.34
1.5 175.41
1.75 135.19
2.0 144.73
2.25 128.73
2.5 143.88
2.75 140.80
3.0 136.65
3.25 149.42
3.5 164.10
3.75 143.03
4.0 132.50
4.25 124.12
4.5 136.50
4.75 136.96
5.0 154.18
5.25 161.72
5.5 150.80
5.75 131.42
6.0 169.26
6.25 169.03
6.5 159.49
6.75 167.33
7.0 140.65
7.25 126.19
7.5 161.80
7.75 134.73
8.0 156.18
8.25 132.11
8.5 142.50
8.75 111.27
9.0 128.04
9.25 131.58
9.5 129.42
9.75 149.88
10.0 168.72
10.25 161.80
10.5 136.34
10.75 137.50
11.0 119.27
11.25 148.88
11.5 152.03
11.75 156.95
12.0 161.87
12.25 150.19
12.5 166.41
12.75 150.42
13.0 142.19
13.25 177.79
13.5 152.11
13.75 188.64
14.0 128.81
14.25 125.04
14.5 138.57
14.75 134.73
15.0 139.80
15.25 141.80
15.5 160.34
15.75 132.04
16.0 134.96
16.25 149.95
16.5 164.87
16.75 140.50
17.0 148.11
17.25 153.72
17.5 132.58
17.75 134.19
18.0 200.71
18.25 171.49
18.5 157.64
18.75 145.65
19.0 150.57
19.25 137.27
19.5 158.64
19.75 152.88
#rate0 148.4
