#-/home/photo/data/stransky/241101BSA/241101BSA-A1A.noname-0-9.dat
#-noname
#acf0
4e-07 1.43402
8e-07 1.40915
1.2e-06 1.40105
1.6e-06 1.40046
2.4e-06 1.40147
3.2e-06 1.39678
4e-06 1.39106
4.8e-06 1.38795
5.6e-06 1.38181
6.4e-06 1.37699
7.2e-06 1.37148
8e-06 1.36744
8.8e-06 1.36474
9.6e-06 1.36442
1.0399999999999999e-05 1.35650
1.1199999999999998e-05 1.34987
1.1999999999999997e-05 1.34296
1.28e-05 1.34166
1.44e-05 1.33799
1.6e-05 1.33256
1.76e-05 1.32638
1.92e-05 1.31925
2.0799999999999997e-05 1.31215
2.2399999999999996e-05 1.31039
2.3999999999999994e-05 1.30267
2.56e-05 1.29830
2.88e-05 1.29072
3.2e-05 1.28394
3.52e-05 1.27309
3.84e-05 1.26871
4.1599999999999995e-05 1.26422
4.479999999999999e-05 1.25882
4.799999999999999e-05 1.25285
5.1199999999999984e-05 1.24850
5.7599999999999984e-05 1.23955
6.399999999999998e-05 1.23449
7.039999999999998e-05 1.22879
7.679999999999997e-05 1.22273
8.319999999999996e-05 1.21813
8.959999999999996e-05 1.21350
9.599999999999995e-05 1.21065
0.00010239999999999994 1.20789
0.00011519999999999994 1.20125
0.00012799999999999994 1.19554
0.00014079999999999995 1.19164
0.00015359999999999994 1.18619
0.00016639999999999992 1.18226
0.0001791999999999999 1.17796
0.0001919999999999999 1.17558
0.00020479999999999988 1.17230
0.00023039999999999988 1.16520
0.0002559999999999999 1.15888
0.0002815999999999999 1.15357
0.0003071999999999999 1.14794
0.00033279999999999985 1.14209
0.0003583999999999998 1.13735
0.0003839999999999998 1.13350
0.00040959999999999976 1.12798
0.00046079999999999976 1.11865
0.0005119999999999998 1.10935
0.0005631999999999998 1.10226
0.0006143999999999998 1.09438
0.0006655999999999997 1.08752
0.0007167999999999996 1.08043
0.0007679999999999996 1.07436
0.0008191999999999995 1.07012
0.0009215999999999995 1.06117
0.0010239999999999995 1.05390
0.0011263999999999996 1.04855
0.0012287999999999995 1.04451
0.0013311999999999994 1.04062
0.0014335999999999993 1.03670
0.0015359999999999992 1.03534
0.001638399999999999 1.03412
0.001843199999999999 1.03227
0.002047999999999999 1.03054
0.0022527999999999992 1.02881
0.002457599999999999 1.02855
0.002662399999999999 1.02679
0.0028671999999999986 1.02660
0.0030719999999999983 1.02471
0.003276799999999998 1.02430
0.003686399999999998 1.03037
0.004095999999999998 1.04972
0.0045055999999999985 1.07493
0.004915199999999998 1.07988
0.005324799999999998 1.05913
0.005734399999999997 1.03592
0.006143999999999997 1.02260
0.006553599999999996 1.01931
0.007372799999999996 1.01658
0.008191999999999996 1.01737
0.009011199999999997 1.04246
0.009830399999999996 1.05492
0.010649599999999995 1.02442
0.011468799999999994 1.01122
0.012287999999999993 1.01090
0.013107199999999992 1.02013
0.014745599999999992 1.03877
0.016383999999999992 1.01027
0.018022399999999994 1.01888
0.019660799999999992 1.03425
0.02129919999999999 1.00698
0.02293759999999999 1.01763
0.024575999999999987 1.02959
0.026214399999999985 1.01505
0.029491199999999985 1.01876
0.032767999999999985 1.01648
0.03604479999999999 1.01215
0.039321599999999984 1.01579
0.04259839999999998 1.01694
0.04587519999999998 1.01262
0.049151999999999973 1.01630
0.05242879999999997 1.01649
0.05898239999999997 1.01481
0.06553599999999997 1.01162
0.07208959999999998 1.01270
0.07864319999999997 1.01160
0.08519679999999996 1.01091
0.09175039999999995 1.01193
0.09830399999999995 1.01091
0.10485759999999994 1.01162
0.11796479999999994 1.01092
0.13107199999999994 1.01142
0.14417919999999995 1.01471
0.15728639999999994 1.01498
0.17039359999999992 1.01497
0.1835007999999999 1.01479
0.1966079999999999 1.01320
0.20971519999999988 1.01161
0.23592959999999988 1.01186
0.2621439999999999 1.01108
0.2883583999999999 1.01103
0.3145727999999999 1.01196
0.34078719999999985 1.01025
0.3670015999999998 1.00996
0.3932159999999998 1.01130
0.41943039999999976 1.01157
0.47185919999999976 1.01227
0.5242879999999998 1.01157
0.5767167999999998 1.01310
0.6291455999999997 1.01334
0.6815743999999997 1.01276
0.7340031999999996 1.01181
0.7864319999999996 1.01111
0.8388607999999995 1.01256
0.9437183999999995 1.01258
1.0485759999999995 1.01422
1.1534335999999996 1.01573
1.2582911999999995 1.01312
1.3631487999999994 1.01581
1.4680063999999993 1.01698
1.5728639999999992 1.01749
1.677721599999999 1.01803
1.887436799999999 1.02152
2.097151999999999 1.02384
2.3068671999999992 1.02493
2.516582399999999 1.02863
2.7262975999999988 1.03056
2.9360127999999985 1.03100
3.1457279999999983 1.03188
3.355443199999998 1.03553
3.774873599999998 1.03995
4.194303999999998 1.04319
4.6137343999999985 1.03946
5.033164799999998 1.03809
5.4525951999999975 1.03880
5.872025599999997 1.04242
6.291455999999997 1.04730
6.710886399999996 1.05213
7.549747199999996 1.05600
8.388607999999996 1.05814
9.227468799999997 1.05705
10.066329599999996 1.06379
10.905190399999995 1.08664
11.744051199999994 1.10201
12.582911999999993 1.13358
13.421772799999992 1.15829
&
#fit0
2.4e-06 1.4043
3.2e-06 1.3985
4e-06 1.3929
4.8e-06 1.3875
5.6e-06 1.3822
6.4e-06 1.3772
7.2e-06 1.3724
8e-06 1.3677
8.8e-06 1.3633
9.6e-06 1.3589
1.04e-05 1.3548
1.12e-05 1.3507
1.2e-05 1.3468
1.28e-05 1.3431
1.44e-05 1.336
1.6e-05 1.3293
1.76e-05 1.3231
1.92e-05 1.3173
2.08e-05 1.3119
2.24e-05 1.3068
2.4e-05 1.302
2.56e-05 1.2975
2.88e-05 1.2893
3.2e-05 1.282
3.52e-05 1.2755
3.84e-05 1.2696
4.16e-05 1.2643
4.48e-05 1.2594
4.8e-05 1.255
5.12e-05 1.2509
5.76e-05 1.2437
6.4e-05 1.2374
7.04e-05 1.2319
7.68e-05 1.2269
8.32e-05 1.2224
8.96e-05 1.2182
9.6e-05 1.2143
0.000102 1.2109
0.000115 1.2041
0.000128 1.1979
0.000141 1.1921
0.000154 1.1867
0.000166 1.182
0.000179 1.1772
0.000192 1.1726
0.000205 1.1682
0.00023 1.1604
0.000256 1.1529
0.000282 1.146
0.000307 1.1399
0.000333 1.134
0.000358 1.1288
0.000384 1.1237
0.00041 1.119
0.000461 1.1107
0.000512 1.1035
0.000563 1.0972
0.000614 1.0916
0.000666 1.0865
0.000717 1.0821
0.000768 1.0781
0.000819 1.0746
0.000922 1.0684
0.00102 1.0636
0.00113 1.059
0.00123 1.0556
0.00133 1.0527
0.00143 1.0501
0.00154 1.0477
0.00164 1.0459
0.00184 1.0428
0.00205 1.0402
0.00225 1.0383
0.00246 1.0366
0.00266 1.0354
0.00287 1.0342
0.00307 1.0333
0.00328 1.0326
0.00369 1.0313
0.0041 1.0304
0.00451 1.0297
0.00492 1.0292
0.00532 1.0288
0.00573 1.0284
0.00614 1.0281
0.00655 1.0279
0.00737 1.0276
0.00819 1.0273
0.00901 1.0271
0.00983 1.027
0.0106 1.0269
0.0115 1.0268
0.0123 1.0267
0.0131 1.0266
0.0147 1.0266
0.0164 1.0265
0.018 1.0265
0.0197 1.0264
0.0213 1.0264
0.0229 1.0264
0.0246 1.0264
0.0262 1.0264
0.0295 1.0264
0.0328 1.0264
0.036 1.0264
0.0393 1.0264
0.0426 1.0264
0.0459 1.0264
0.0492 1.0264
0.0524 1.0264
0.059 1.0263
0.0655 1.0263
0.0721 1.0263
0.0786 1.0263
0.0852 1.0263
0.0918 1.0263
0.0983 1.0263
0.105 1.0263
0.118 1.0263
0.131 1.0263
0.144 1.0263
0.157 1.0263
0.17 1.0263
0.184 1.0263
0.197 1.0263
0.21 1.0263
0.236 1.0263
0.262 1.0263
0.288 1.0263
0.315 1.0263
0.341 1.0263
0.367 1.0263
0.393 1.0263
0.419 1.0263
0.472 1.0263
0.524 1.0263
0.577 1.0263
0.629 1.0263
0.682 1.0263
0.734 1.0263
0.786 1.0263
0.839 1.0263
0.944 1.0263
1.05 1.0263
1.15 1.0263
1.26 1.0263
1.36 1.0263
1.47 1.0263
1.57 1.0263
1.68 1.0263
1.89 1.0263
2.1 1.0263
2.31 1.0263
2.52 1.0263
2.73 1.0263
2.94 1.0263
3.15 1.0263
3.36 1.0263
3.77 1.0263
4.19 1.0263
4.61 1.0263
5.03 1.0263
5.45 1.0263
5.87 1.0263
6.29 1.0263
6.71 1.0263
7.55 1.0263
8.39 1.0263
9.23 1.0263
10.1 1.0263
10.9 1.0263
11.7 1.0263
12.6 1.0263
13.4 1.0263
&
@with g1
#dis0
2.447e-02 0.0
1.955e-02 0.0
1.562e-02 0.0
1.248e-02 0.0
9.974e-03 0.0
7.969e-03 0.0
6.368e-03 0.0
5.088e-03 0.0
4.065e-03 0.0
3.248e-03 0.0
2.595e-03 0.0
2.073e-03 0.0
1.657e-03 0.0
1.324e-03 0.0
1.058e-03 0.0
8.450e-04 0.0
6.752e-04 0.0
5.394e-04 0.0
4.310e-04 0.0
3.444e-04 0.0
2.752e-04 0.0
2.199e-04 0.0
1.757e-04 0.0
1.404e-04 0.0
1.121e-04 0.0
8.960e-05 0.0
7.159e-05 0.0
5.720e-05 0.0
4.570e-05 0.0
3.652e-05 0.0
2.918e-05 0.0
2.331e-05 0.0
1.863e-05 0.0
1.488e-05 0.0
1.189e-05 0.0
9.501e-06 0.0
7.591e-06 0.0
6.065e-06 2.6373e-05
4.846e-06 0.00014232
3.872e-06 0.00045224
3.094e-06 0.0011267
2.472e-06 0.0024277
1.975e-06 0.0047543
1.578e-06 0.0086925
1.261e-06 0.015092
1.007e-06 0.025133
8.049e-07 0.040427
6.431e-07 0.063007
5.138e-07 0.095374
4.106e-07 0.14012
3.280e-07 0.19968
2.621e-07 0.27517
2.094e-07 0.36546
1.673e-07 0.46562
1.337e-07 0.56519
1.068e-07 0.64889
8.535e-08 0.6955
6.819e-08 0.6854
5.449e-08 0.60356
4.353e-08 0.4532
3.478e-08 0.26428
2.779e-08 0.08887
2.221e-08 0.0
1.774e-08 0.0
1.418e-08 0.0
1.133e-08 0.053805
9.050e-09 0.26205
7.231e-09 0.59598
5.777e-09 0.90611
4.616e-09 1.0
3.688e-09 0.70332
2.947e-09 0.19416
2.355e-09 0.0
1.881e-09 0.0
1.503e-09 0.0
1.201e-09 0.0
9.596e-10 0.0
7.667e-10 0.0
6.126e-10 0.0
4.895e-10 0.0
&
#factor 2.4473e-04
#temp 20.0
#wave 660.0 
#index 1.330
#angle 142.0
#visco 1.0060
#conc 1.0000
#shape 1.0000
#solvent Water
#add Glycerol
#addconc 0.00
#comment 
#time 02 11 2024 01:23:05 
#rad0
R: 4.982nm+/-30.09 a:0.17 MW:131.4kDa
#ampl 0.17
R: 84.19nm+/-65.05 a:0.43 MW:87.64MDa
#ampl 0.43
#cnta0
@with g2
#cnta0
0 130.50
0.25 187.56
0.5 152.42
0.75 147.42
1.0 149.42
1.25 153.65
1.5 146.03
1.75 147.42
2.0 151.57
2.25 155.65
2.5 141.34
2.75 172.56
3.0 174.02
3.25 164.10
3.5 153.57
3.75 127.65
4.0 182.41
4.25 203.55
4.5 186.64
4.75 190.48
5.0 202.63
5.25 208.86
5.5 190.17
5.75 173.72
6.0 187.02
6.25 153.18
6.5 173.41
6.75 149.49
7.0 149.03
7.25 173.87
7.5 178.10
7.75 182.10
8.0 189.79
8.25 179.48
8.5 203.02
8.75 187.02
9.0 172.49
9.25 199.71
9.5 173.02
9.75 191.10
10.0 194.86
10.25 174.87
10.5 174.41
10.75 159.26
11.0 201.55
11.25 174.26
11.5 166.41
11.75 168.33
12.0 143.50
12.25 146.19
12.5 157.64
12.75 143.03
13.0 153.18
13.25 183.10
13.5 227.24
13.75 161.03
14.0 162.80
14.25 180.41
14.5 198.40
14.75 153.26
15.0 174.02
15.25 190.25
15.5 189.02
15.75 142.26
16.0 216.55
16.25 183.56
16.5 213.17
16.75 184.64
17.0 203.94
17.25 206.63
17.5 178.64
17.75 198.94
18.0 222.86
18.25 200.86
18.5 180.95
18.75 207.25
19.0 179.56
19.25 174.33
19.5 162.18
19.75 158.26
#rate0 175.3
